samples/LIDAR_TOP/n015-2018-10-02-10-50-40+0800__LIDAR_TOP__1538448744447639.pcd.bin samples/LIDAR_TOP/n015-2018-10-02-10-50-40+0800__LIDAR_TOP__1538448745547460.pcd.bin 0.99974656 -0.02247048 0.0013858897 0.012297874 0.022483107 0.99969894 -0.00981858 -14.0966835 -0.0011648387 0.009847242 0.9999508 -0.8345957 
samples/LIDAR_TOP/n015-2018-10-02-10-50-40+0800__LIDAR_TOP__1538448745547460.pcd.bin samples/LIDAR_TOP/n015-2018-10-02-10-50-40+0800__LIDAR_TOP__1538448746548329.pcd.bin 0.99994445 -0.00088028243 -0.010497229 -0.10883244 0.00088895846 0.9999992 0.00082124514 -12.91395 0.010496492 -0.00083054136 0.99994457 -0.76446676 
samples/LIDAR_TOP/n008-2018-08-28-16-43-51-0400__LIDAR_TOP__1535489306946757.pcd.bin samples/LIDAR_TOP/n008-2018-08-28-16-43-51-0400__LIDAR_TOP__1535489307946546.pcd.bin 1.0000001 -1.8544872e-05 0.00016508134 0.0003661071 1.8490615e-05 1.0 -4.9386483e-05 -7.7307224e-05 -0.00016508639 4.9387643e-05 0.99999994 4.6133995e-05 
samples/LIDAR_TOP/n008-2018-08-28-16-43-51-0400__LIDAR_TOP__1535489307946546.pcd.bin samples/LIDAR_TOP/n008-2018-08-28-16-43-51-0400__LIDAR_TOP__1535489308896501.pcd.bin 0.9999999 2.1682334e-05 -9.653392e-05 -0.00024398556 -2.1672799e-05 1.0 8.4092804e-05 0.00017243624 9.653644e-05 -8.40878e-05 1.0 -7.581711e-05 
samples/LIDAR_TOP/n015-2018-10-02-10-50-40+0800__LIDAR_TOP__1538448748047387.pcd.bin samples/LIDAR_TOP/n015-2018-10-02-10-50-40+0800__LIDAR_TOP__1538448749047731.pcd.bin 0.99986285 -0.0008236099 0.016542753 -0.051330034 0.00071065483 0.9999764 0.0068302727 -12.117302 -0.016547985 -0.0068175835 0.99983984 -0.6570176 
samples/LIDAR_TOP/n015-2018-10-02-10-50-40+0800__LIDAR_TOP__1538448749047731.pcd.bin samples/LIDAR_TOP/n015-2018-10-02-10-50-40+0800__LIDAR_TOP__1538448750047463.pcd.bin 0.9994403 0.0074371397 -0.032618113 -0.15891749 -0.0059727835 0.99897987 0.044761524 -11.846334 0.032917734 -0.044541646 0.99846506 -0.15257609 
samples/LIDAR_TOP/n008-2018-08-27-11-48-51-0400__LIDAR_TOP__1535385106952072.pcd.bin samples/LIDAR_TOP/n008-2018-08-27-11-48-51-0400__LIDAR_TOP__1535385107953148.pcd.bin 0.99997497 -0.0019211657 0.006823368 -0.039864507 0.0018983309 0.99999255 0.0033517939 -8.332111 -0.006829759 -0.0033387616 0.9999711 -0.42017353 
samples/LIDAR_TOP/n008-2018-08-27-11-48-51-0400__LIDAR_TOP__1535385107953148.pcd.bin samples/LIDAR_TOP/n008-2018-08-27-11-48-51-0400__LIDAR_TOP__1535385108951051.pcd.bin 0.99999326 0.0036050216 -0.0007280176 -0.0687836 -0.0036081118 0.99998426 -0.004292969 -8.740615 0.0007125281 0.004295572 0.9999905 -0.4709792 
samples/LIDAR_TOP/n008-2018-08-30-15-16-55-0400__LIDAR_TOP__1535657123648262.pcd.bin samples/LIDAR_TOP/n008-2018-08-30-15-16-55-0400__LIDAR_TOP__1535657124648599.pcd.bin 1.0 1.7686792e-06 4.8223756e-05 -0.00012214668 -1.7308557e-06 0.99999994 -8.66129e-05 -0.00025963783 -4.821834e-05 8.661187e-05 1.0 6.1035156e-05 
samples/LIDAR_TOP/n008-2018-08-30-15-16-55-0400__LIDAR_TOP__1535657124648599.pcd.bin samples/LIDAR_TOP/n008-2018-08-30-15-16-55-0400__LIDAR_TOP__1535657125649405.pcd.bin 1.0 -2.4543124e-05 0.00022580993 0.00018314319 2.453752e-05 1.0 1.4477899e-05 4.017353e-05 -0.00022581118 -1.4473592e-05 1.0 -1.7642975e-05 
samples/LIDAR_TOP/n015-2018-10-02-10-50-40+0800__LIDAR_TOP__1538448745047596.pcd.bin samples/LIDAR_TOP/n015-2018-10-02-10-50-40+0800__LIDAR_TOP__1538448746047898.pcd.bin 0.99992937 -0.00814742 -0.00865568 -0.10059046 0.00815906 0.9999658 0.0013074296 -12.910095 0.008644729 -0.0013779708 0.99996173 -0.7529514 
samples/LIDAR_TOP/n015-2018-10-02-10-50-40+0800__LIDAR_TOP__1538448746047898.pcd.bin samples/LIDAR_TOP/n015-2018-10-02-10-50-40+0800__LIDAR_TOP__1538448747047643.pcd.bin 0.9999942 -0.0001296415 0.0033716336 -0.116298996 0.00013470995 0.99999887 -0.0015061073 -12.7410965 -0.0033714313 0.0015065579 0.99999315 -0.75934064 
samples/LIDAR_TOP/n008-2018-08-28-16-43-51-0400__LIDAR_TOP__1535489307946546.pcd.bin samples/LIDAR_TOP/n008-2018-08-28-16-43-51-0400__LIDAR_TOP__1535489308896501.pcd.bin 0.9999999 2.1682334e-05 -9.653392e-05 -0.00024398556 -2.1672799e-05 1.0 8.4092804e-05 0.00017243624 9.653644e-05 -8.40878e-05 1.0 -7.581711e-05 
samples/LIDAR_TOP/n008-2018-08-28-16-43-51-0400__LIDAR_TOP__1535489308896501.pcd.bin samples/LIDAR_TOP/n008-2018-08-28-16-43-51-0400__LIDAR_TOP__1535489309896252.pcd.bin 1.0 2.2855465e-05 3.9605247e-06 7.227063e-07 -2.2865228e-05 0.9999999 0.00037078612 0.0006733537 -3.9540637e-06 -0.00037079162 0.99999994 -0.00033450127 
samples/LIDAR_TOP/n008-2018-08-01-15-16-36-0400__LIDAR_TOP__1533151605548192.pcd.bin samples/LIDAR_TOP/n008-2018-08-01-15-16-36-0400__LIDAR_TOP__1533151606549066.pcd.bin 0.99849975 -0.053602763 -0.011178352 0.14203528 0.053691905 0.9985269 0.007832691 -8.5995 0.010742028 -0.008421132 0.9999069 -0.7372509 
samples/LIDAR_TOP/n008-2018-08-01-15-16-36-0400__LIDAR_TOP__1533151606549066.pcd.bin samples/LIDAR_TOP/n008-2018-08-01-15-16-36-0400__LIDAR_TOP__1533151607548824.pcd.bin 0.9993854 -0.033942457 0.008752068 0.04996238 0.033619482 0.9988314 0.03472079 -8.870125 -0.009920346 -0.034405217 0.9993587 -0.48461246 
samples/LIDAR_TOP/n008-2018-08-01-15-16-36-0400__LIDAR_TOP__1533151621947928.pcd.bin samples/LIDAR_TOP/n008-2018-08-01-15-16-36-0400__LIDAR_TOP__1533151622948227.pcd.bin 0.99997723 0.0016116636 -0.006552273 -0.116301015 -0.001594732 0.99999535 0.002582755 -8.282187 0.006556405 -0.0025722408 0.9999752 -0.27660155 
samples/LIDAR_TOP/n008-2018-08-01-15-16-36-0400__LIDAR_TOP__1533151608048151.pcd.bin samples/LIDAR_TOP/n008-2018-08-01-15-16-36-0400__LIDAR_TOP__1533151609047890.pcd.bin 0.9998469 0.0062978663 -0.016327942 -0.12955216 -0.0066357804 0.99976313 -0.020726508 -8.294869 0.016193543 0.020831686 0.99965185 -0.5394101 
samples/LIDAR_TOP/n008-2018-08-01-15-16-36-0400__LIDAR_TOP__1533151609047890.pcd.bin samples/LIDAR_TOP/n008-2018-08-01-15-16-36-0400__LIDAR_TOP__1533151609947025.pcd.bin 0.9999875 -0.0041989717 0.0027118223 -0.039334282 0.0041791443 0.99996495 0.007252891 -5.342895 -0.0027421867 -0.007241476 0.99997 -0.32900286 
samples/LIDAR_TOP/n008-2018-08-30-15-16-55-0400__LIDAR_TOP__1535657125649405.pcd.bin samples/LIDAR_TOP/n008-2018-08-30-15-16-55-0400__LIDAR_TOP__1535657126649732.pcd.bin 1.0000001 -2.8522449e-05 0.00014615917 0.00018295739 2.8521108e-05 1.0 -6.203711e-05 -5.6922436e-05 -0.00014615725 6.203259e-05 1.0 5.8054924e-05 
samples/LIDAR_TOP/n008-2018-08-30-15-16-55-0400__LIDAR_TOP__1535657126649732.pcd.bin samples/LIDAR_TOP/n008-2018-08-30-15-16-55-0400__LIDAR_TOP__1535657127650049.pcd.bin 1.0000001 -3.655612e-05 4.230379e-05 2.970919e-07 3.6618443e-05 0.9999999 0.00016826297 0.00036883354 -4.2302363e-05 -0.00016826378 1.0 -0.0001500845 
samples/LIDAR_TOP/n015-2018-07-24-11-22-45+0800__LIDAR_TOP__1532402928698048.pcd.bin samples/LIDAR_TOP/n015-2018-07-24-11-22-45+0800__LIDAR_TOP__1532402929697797.pcd.bin 0.999859 0.0164003 -0.0036267121 -0.07582094 -0.016412826 0.99985945 -0.003445486 -8.249563 0.0035696917 0.0035045303 0.99998736 -0.29817235 
samples/LIDAR_TOP/n015-2018-07-24-11-22-45+0800__LIDAR_TOP__1532402929697797.pcd.bin samples/LIDAR_TOP/n015-2018-07-24-11-22-45+0800__LIDAR_TOP__1532402930648325.pcd.bin 0.9998883 0.013876692 0.0055481526 -0.089569815 -0.013889772 0.99990094 0.0023243767 -7.2017126 -0.0055153435 -0.0024011717 0.99998194 -0.24893224 
samples/LIDAR_TOP/n015-2018-10-02-10-50-40+0800__LIDAR_TOP__1538448750547877.pcd.bin samples/LIDAR_TOP/n015-2018-10-02-10-50-40+0800__LIDAR_TOP__1538448751548178.pcd.bin 0.99889874 -0.00441361 0.0467099 -0.057411842 0.0047887075 0.9999571 -0.007922404 -11.89819 -0.046672933 0.008137351 0.9988771 -0.6209835 
samples/LIDAR_TOP/n015-2018-10-02-10-50-40+0800__LIDAR_TOP__1538448751548178.pcd.bin samples/LIDAR_TOP/n015-2018-10-02-10-50-40+0800__LIDAR_TOP__1538448752549040.pcd.bin 0.9998742 0.0054982374 0.014878231 -0.06215328 -0.0056231697 0.9999492 0.008373499 -11.944475 -0.014831432 -0.008456103 0.99985427 -0.53716075 
samples/LIDAR_TOP/n015-2018-07-24-11-22-45+0800__LIDAR_TOP__1532402940197958.pcd.bin samples/LIDAR_TOP/n015-2018-07-24-11-22-45+0800__LIDAR_TOP__1532402941297218.pcd.bin 0.99417824 0.10766642 -0.0041778875 -0.113078184 -0.10763569 0.99416584 0.006985676 -3.430706 0.004905642 -0.0064953202 0.9999669 -0.079876184 
samples/LIDAR_TOP/n015-2018-07-24-11-22-45+0800__LIDAR_TOP__1532402941297218.pcd.bin samples/LIDAR_TOP/n015-2018-07-24-11-22-45+0800__LIDAR_TOP__1532402942197463.pcd.bin 0.9986909 0.051144663 -0.0007778338 -0.021335619 -0.05114299 0.99868923 0.002023011 -2.3894053 0.0008802835 -0.0019805871 0.9999977 -0.05861485 
samples/LIDAR_TOP/n008-2018-08-01-15-16-36-0400__LIDAR_TOP__1533151616447606.pcd.bin samples/LIDAR_TOP/n008-2018-08-01-15-16-36-0400__LIDAR_TOP__1533151617397050.pcd.bin 0.9999778 -0.0066474453 -0.00013773558 -0.025070753 0.006648258 0.99994624 0.00796012 -5.1390634 8.480678e-05 -0.007960867 0.9999683 -0.14533281 
samples/LIDAR_TOP/n008-2018-08-01-15-16-36-0400__LIDAR_TOP__1533151617397050.pcd.bin samples/LIDAR_TOP/n008-2018-08-01-15-16-36-0400__LIDAR_TOP__1533151618447134.pcd.bin 0.9999422 -0.008552437 0.006510068 -0.022616278 0.008593732 0.99994296 -0.0063520954 -6.4969873 -0.0064553707 0.0064076707 0.99995863 -0.21073735 
samples/LIDAR_TOP/n015-2018-10-02-10-50-40+0800__LIDAR_TOP__1538448755548316.pcd.bin samples/LIDAR_TOP/n015-2018-10-02-10-50-40+0800__LIDAR_TOP__1538448756547528.pcd.bin 0.999851 0.009137321 -0.014653255 -0.13818234 -0.008944761 0.9998736 0.013149061 -11.931416 0.014771542 -0.013016025 0.99980617 -0.3065158 
samples/LIDAR_TOP/n015-2018-10-02-10-50-40+0800__LIDAR_TOP__1538448756547528.pcd.bin samples/LIDAR_TOP/n015-2018-10-02-10-50-40+0800__LIDAR_TOP__1538448757548354.pcd.bin 0.9999271 -0.01190895 0.0019912606 -0.0046581216 0.011887523 0.9998748 0.010439106 -11.700737 -0.0021153265 -0.010414679 0.99994355 -0.17497599 
samples/LIDAR_TOP/n008-2018-08-28-16-43-51-0400__LIDAR_TOP__1535489296547795.pcd.bin samples/LIDAR_TOP/n008-2018-08-28-16-43-51-0400__LIDAR_TOP__1535489297547543.pcd.bin 1.0 2.3789366e-05 0.00013915653 0.00024431525 -2.3838586e-05 0.99999994 8.075739e-05 0.00011152029 -0.00013915497 -8.076095e-05 1.0 -7.343292e-05 
samples/LIDAR_TOP/n008-2018-08-28-16-43-51-0400__LIDAR_TOP__1535489297547543.pcd.bin samples/LIDAR_TOP/n008-2018-08-28-16-43-51-0400__LIDAR_TOP__1535489298547291.pcd.bin 1.0 -2.7397042e-05 0.00027227387 0.0004884838 2.7364698e-05 1.0 0.00010185845 0.00017356873 -0.00027227588 -0.00010185344 1.0 -9.083748e-05 
samples/LIDAR_TOP/n008-2018-08-27-11-48-51-0400__LIDAR_TOP__1535385108451734.pcd.bin samples/LIDAR_TOP/n008-2018-08-27-11-48-51-0400__LIDAR_TOP__1535385109400618.pcd.bin 0.99998236 0.005924927 0.0005037814 -0.04450764 -0.005925644 0.99998134 0.0014316234 -8.402801 -0.00049529155 -0.0014345818 0.9999988 -0.42955732 
samples/LIDAR_TOP/n008-2018-08-27-11-48-51-0400__LIDAR_TOP__1535385109400618.pcd.bin samples/LIDAR_TOP/n008-2018-08-27-11-48-51-0400__LIDAR_TOP__1535385110449087.pcd.bin 0.9999077 0.007944049 0.011021995 -0.08730689 -0.007842349 0.9999265 -0.009239694 -9.189783 -0.011094584 0.0091524 0.9998966 -0.5434098 
samples/LIDAR_TOP/n008-2018-08-27-11-48-51-0400__LIDAR_TOP__1535385107953148.pcd.bin samples/LIDAR_TOP/n008-2018-08-27-11-48-51-0400__LIDAR_TOP__1535385108951051.pcd.bin 0.99999326 0.0036050216 -0.0007280176 -0.0687836 -0.0036081118 0.99998426 -0.004292969 -8.740615 0.0007125281 0.004295572 0.9999905 -0.4709792 
samples/LIDAR_TOP/n008-2018-08-27-11-48-51-0400__LIDAR_TOP__1535385108951051.pcd.bin samples/LIDAR_TOP/n008-2018-08-27-11-48-51-0400__LIDAR_TOP__1535385109899957.pcd.bin 0.9999313 0.005953827 0.010100654 -0.054324187 -0.005949384 0.9999821 -0.00046997934 -8.365536 -0.01010327 0.00040985076 0.99994886 -0.4585687 
samples/LIDAR_TOP/n008-2018-08-28-16-43-51-0400__LIDAR_TOP__1535489310946883.pcd.bin samples/LIDAR_TOP/n008-2018-08-28-16-43-51-0400__LIDAR_TOP__1535489311897421.pcd.bin 0.99999994 -5.163616e-05 -0.00014343148 -0.00036591897 5.1737752e-05 1.0 0.00014748519 0.0002667904 0.00014342356 -0.00014749153 1.0 -0.0001348257 
samples/LIDAR_TOP/n008-2018-08-28-16-43-51-0400__LIDAR_TOP__1535489311897421.pcd.bin samples/LIDAR_TOP/n008-2018-08-28-16-43-51-0400__LIDAR_TOP__1535489312897804.pcd.bin 0.99999994 -8.1485814e-05 4.8765854e-05 -0.00012206007 8.145371e-05 0.99999994 -2.2990505e-05 -0.00016790628 -4.8764272e-05 2.2988548e-05 1.0000001 1.9550323e-05 
samples/LIDAR_TOP/n015-2018-10-02-10-50-40+0800__LIDAR_TOP__1538448763047541.pcd.bin samples/LIDAR_TOP/n015-2018-10-02-10-50-40+0800__LIDAR_TOP__1538448764047314.pcd.bin 0.9999174 -0.011034906 0.0065839537 0.013071291 0.0110615585 0.99993074 -0.004026422 -11.957464 -0.006539074 0.0040989206 0.99997026 -0.25454175 
samples/LIDAR_TOP/n008-2018-08-30-15-16-55-0400__LIDAR_TOP__1535657111649009.pcd.bin samples/LIDAR_TOP/n008-2018-08-30-15-16-55-0400__LIDAR_TOP__1535657112648213.pcd.bin 0.9998419 -0.01595994 -0.007830497 -0.07313318 0.015868645 0.9998068 -0.011586235 -3.4966767 0.008013903 0.011460142 0.9999022 -0.2369473 
samples/LIDAR_TOP/n008-2018-08-30-15-16-55-0400__LIDAR_TOP__1535657112648213.pcd.bin samples/LIDAR_TOP/n008-2018-08-30-15-16-55-0400__LIDAR_TOP__1535657113648526.pcd.bin 0.9999574 -0.0049694288 -0.0077923345 -0.034080572 0.0049090553 0.99995786 -0.007751996 -2.8603225 0.007830532 0.0077134236 0.9999396 -0.21776044 
samples/LIDAR_TOP/n008-2018-08-28-16-43-51-0400__LIDAR_TOP__1535489300046941.pcd.bin samples/LIDAR_TOP/n008-2018-08-28-16-43-51-0400__LIDAR_TOP__1535489301047243.pcd.bin 1.0 -3.7190548e-05 -1.0882906e-05 -0.00012238882 3.7235135e-05 1.0 -0.00017528597 -0.00035756826 1.0893645e-05 0.00017528288 1.0 0.00015580654 
samples/LIDAR_TOP/n008-2018-08-28-16-43-51-0400__LIDAR_TOP__1535489301047243.pcd.bin samples/LIDAR_TOP/n008-2018-08-28-16-43-51-0400__LIDAR_TOP__1535489302046988.pcd.bin 1.0 -8.8231565e-05 0.00014988991 0.00024324562 8.8226305e-05 0.99999994 -0.00046838628 -0.0008890629 -0.00014984816 0.00046840205 0.99999994 0.00042259693 
samples/LIDAR_TOP/n008-2018-08-30-15-16-55-0400__LIDAR_TOP__1535657120149686.pcd.bin samples/LIDAR_TOP/n008-2018-08-30-15-16-55-0400__LIDAR_TOP__1535657121149429.pcd.bin 1.0 -0.0001651076 3.73068e-06 -0.00091580115 0.00016510031 0.99999994 -0.0001500228 -0.00015163422 -3.7044886e-06 0.00015001856 1.0 0.000111460686 
samples/LIDAR_TOP/n008-2018-08-30-15-16-55-0400__LIDAR_TOP__1535657121149429.pcd.bin samples/LIDAR_TOP/n008-2018-08-30-15-16-55-0400__LIDAR_TOP__1535657122149177.pcd.bin 0.9999999 4.666576e-05 9.0711415e-05 -0.00036602654 -4.6749086e-05 0.9999999 4.446684e-05 4.607439e-05 -9.0728514e-05 -4.448193e-05 1.0000001 -6.866455e-05 
samples/LIDAR_TOP/n008-2018-08-28-16-43-51-0400__LIDAR_TOP__1535489311897421.pcd.bin samples/LIDAR_TOP/n008-2018-08-28-16-43-51-0400__LIDAR_TOP__1535489312897804.pcd.bin 0.99999994 -8.1485814e-05 4.8765854e-05 -0.00012206007 8.145371e-05 0.99999994 -2.2990505e-05 -0.00016790628 -4.8764272e-05 2.2988548e-05 1.0000001 1.9550323e-05 
samples/LIDAR_TOP/n008-2018-08-28-16-43-51-0400__LIDAR_TOP__1535489312897804.pcd.bin samples/LIDAR_TOP/n008-2018-08-28-16-43-51-0400__LIDAR_TOP__1535489313898578.pcd.bin 1.0 0.00018641222 9.580079e-05 0.00048810383 -0.00018639816 0.99999994 -7.722644e-05 -7.838011e-05 -9.581012e-05 7.7201286e-05 1.0 7.1287155e-05 
samples/LIDAR_TOP/n008-2018-08-01-15-16-36-0400__LIDAR_TOP__1533151609947025.pcd.bin samples/LIDAR_TOP/n008-2018-08-01-15-16-36-0400__LIDAR_TOP__1533151610946785.pcd.bin 0.9999927 0.0010655333 -0.003664832 -0.034406316 -0.0010477332 0.9999877 0.004832962 -3.429264 0.003669937 -0.004829081 0.9999816 -0.19481075 
samples/LIDAR_TOP/n008-2018-08-01-15-16-36-0400__LIDAR_TOP__1533151610946785.pcd.bin samples/LIDAR_TOP/n008-2018-08-01-15-16-36-0400__LIDAR_TOP__1533151611896734.pcd.bin 0.9999996 -0.00018682722 -0.0008410778 -0.021413103 0.00019400344 0.9999623 0.00868778 -1.6524248 0.0008394167 -0.008687943 0.99996203 -0.085876465 
samples/LIDAR_TOP/n008-2018-08-28-16-43-51-0400__LIDAR_TOP__1535489303047308.pcd.bin samples/LIDAR_TOP/n008-2018-08-28-16-43-51-0400__LIDAR_TOP__1535489303946971.pcd.bin 0.99999994 -5.143757e-05 2.9646702e-05 -0.00012242422 5.1386836e-05 0.9999999 -0.00021212251 -0.0005118251 -2.9631768e-05 0.00021211625 1.0 0.00018882751 
samples/LIDAR_TOP/n008-2018-08-28-16-43-51-0400__LIDAR_TOP__1535489303946971.pcd.bin samples/LIDAR_TOP/n008-2018-08-28-16-43-51-0400__LIDAR_TOP__1535489304947267.pcd.bin 1.0 2.0964699e-05 2.7026806e-05 -3.306195e-07 -2.0932988e-05 0.99999994 -0.0001840179 -0.00038838387 -2.7029748e-05 0.00018401323 1.0 0.0001642704 
samples/LIDAR_TOP/n015-2018-10-02-10-50-40+0800__LIDAR_TOP__1538448761048087.pcd.bin samples/LIDAR_TOP/n015-2018-10-02-10-50-40+0800__LIDAR_TOP__1538448762048350.pcd.bin 0.9999873 -0.0009328605 0.0049808146 -0.07327528 0.0009473224 0.9999953 -0.002920631 -12.118317 -0.0049780738 0.002925313 0.9999834 -0.20297849 
samples/LIDAR_TOP/n015-2018-10-02-10-50-40+0800__LIDAR_TOP__1538448762048350.pcd.bin samples/LIDAR_TOP/n015-2018-10-02-10-50-40+0800__LIDAR_TOP__1538448763047541.pcd.bin 0.9999613 -0.006419644 -0.006012713 -0.0657145 0.006414244 0.9999791 -0.000922659 -12.037127 0.0060185064 0.00088405935 0.9999815 -0.21319985 
samples/LIDAR_TOP/n015-2018-10-02-10-50-40+0800__LIDAR_TOP__1538448754047572.pcd.bin samples/LIDAR_TOP/n015-2018-10-02-10-50-40+0800__LIDAR_TOP__1538448755047865.pcd.bin 0.99980503 -0.0018718577 0.019653996 -0.03875284 0.0015755479 0.9998851 0.015078788 -11.990849 -0.019679958 -0.015044883 0.99969304 -0.25579405 
samples/LIDAR_TOP/n015-2018-10-02-10-50-40+0800__LIDAR_TOP__1538448755047865.pcd.bin samples/LIDAR_TOP/n015-2018-10-02-10-50-40+0800__LIDAR_TOP__1538448756050426.pcd.bin 0.999981 0.006167161 -0.00036239237 -0.12537518 -0.006167541 0.99998045 -0.00091439375 -12.075882 0.0003567442 0.0009166034 0.99999946 -0.2541077 
samples/LIDAR_TOP/n008-2018-08-01-15-16-36-0400__LIDAR_TOP__1533151618946993.pcd.bin samples/LIDAR_TOP/n008-2018-08-01-15-16-36-0400__LIDAR_TOP__1533151619947313.pcd.bin 0.9999958 -0.0023096432 -0.0017419102 -0.0360504 0.002300175 0.9999826 -0.0054221675 -7.3184996 0.0017544052 0.0054181283 0.99998385 -0.26070988 
samples/LIDAR_TOP/n008-2018-08-01-15-16-36-0400__LIDAR_TOP__1533151619947313.pcd.bin samples/LIDAR_TOP/n008-2018-08-01-15-16-36-0400__LIDAR_TOP__1533151621047706.pcd.bin 0.9999931 0.0035850946 -0.0009623416 -0.11694396 -0.0035881568 0.9999883 -0.0032565217 -8.639102 0.0009506496 0.0032599608 0.9999943 -0.34006894 
samples/LIDAR_TOP/n008-2018-08-01-15-16-36-0400__LIDAR_TOP__1533151604048025.pcd.bin samples/LIDAR_TOP/n008-2018-08-01-15-16-36-0400__LIDAR_TOP__1533151605047769.pcd.bin 0.9983561 -0.056394104 -0.010236513 0.14104155 0.05625324 0.9983244 -0.013564036 -8.402406 0.010984291 0.012965898 0.9998556 -0.6352649 
samples/LIDAR_TOP/n008-2018-08-01-15-16-36-0400__LIDAR_TOP__1533151605047769.pcd.bin samples/LIDAR_TOP/n008-2018-08-01-15-16-36-0400__LIDAR_TOP__1533151606048630.pcd.bin 0.9986607 -0.051168423 0.0076523605 0.15240775 0.051336873 0.99839914 -0.023740424 -8.461867 -0.006425356 0.024101468 0.9996889 -0.83689284 
samples/LIDAR_TOP/n008-2018-08-01-15-16-36-0400__LIDAR_TOP__1533151618447134.pcd.bin samples/LIDAR_TOP/n008-2018-08-01-15-16-36-0400__LIDAR_TOP__1533151619446866.pcd.bin 0.99999577 -0.0025835515 0.0013539899 -0.03873788 0.0025824986 0.99999636 0.0008538286 -6.9550824 -0.0013561826 -0.0008503193 0.99999875 -0.22755992 
samples/LIDAR_TOP/n008-2018-08-01-15-16-36-0400__LIDAR_TOP__1533151619446866.pcd.bin samples/LIDAR_TOP/n008-2018-08-01-15-16-36-0400__LIDAR_TOP__1533151620447745.pcd.bin 0.99999696 -0.0020069012 0.001404131 -0.077233456 0.002013517 0.9999871 -0.004679989 -7.6543937 -0.0013947235 0.0046828045 0.9999881 -0.28178632 
samples/LIDAR_TOP/n008-2018-08-01-15-16-36-0400__LIDAR_TOP__1533151617397050.pcd.bin samples/LIDAR_TOP/n008-2018-08-01-15-16-36-0400__LIDAR_TOP__1533151618447134.pcd.bin 0.9999422 -0.008552437 0.006510068 -0.022616278 0.008593732 0.99994296 -0.0063520954 -6.4969873 -0.0064553707 0.0064076707 0.99995863 -0.21073735 
samples/LIDAR_TOP/n008-2018-08-01-15-16-36-0400__LIDAR_TOP__1533151618447134.pcd.bin samples/LIDAR_TOP/n008-2018-08-01-15-16-36-0400__LIDAR_TOP__1533151619446866.pcd.bin 0.99999577 -0.0025835515 0.0013539899 -0.03873788 0.0025824986 0.99999636 0.0008538286 -6.9550824 -0.0013561826 -0.0008503193 0.99999875 -0.22755992 
samples/LIDAR_TOP/n008-2018-08-01-15-16-36-0400__LIDAR_TOP__1533151608548020.pcd.bin samples/LIDAR_TOP/n008-2018-08-01-15-16-36-0400__LIDAR_TOP__1533151609547766.pcd.bin 0.9999888 -0.00091729086 -0.00465547 -0.074060276 0.000885302 0.99997604 -0.006863032 -7.150679 0.0046616495 0.0068588373 0.9999656 -0.43231738 
samples/LIDAR_TOP/n008-2018-08-01-15-16-36-0400__LIDAR_TOP__1533151609547766.pcd.bin samples/LIDAR_TOP/n008-2018-08-01-15-16-36-0400__LIDAR_TOP__1533151610446899.pcd.bin 0.99998987 -0.0012541506 -0.0043371688 -0.04507709 0.0012595129 0.9999984 0.0012395332 -4.1113358 0.0043356074 -0.0012449848 0.99998987 -0.24891508 
samples/LIDAR_TOP/n015-2018-10-02-10-50-40+0800__LIDAR_TOP__1538448761548500.pcd.bin samples/LIDAR_TOP/n015-2018-10-02-10-50-40+0800__LIDAR_TOP__1538448762547686.pcd.bin 0.9999336 -0.006694695 0.009382597 -0.032195166 0.006690218 0.9999776 0.0005122782 -12.075418 -0.009385813 -0.00044947478 0.9999559 -0.19791102 
samples/LIDAR_TOP/n015-2018-10-02-10-50-40+0800__LIDAR_TOP__1538448762547686.pcd.bin samples/LIDAR_TOP/n015-2018-10-02-10-50-40+0800__LIDAR_TOP__1538448763547987.pcd.bin 0.9999655 -0.0053793048 -0.0063329027 -0.022264672 0.005348957 0.9999743 -0.0047964593 -12.0244465 0.006358544 0.004762421 0.99996835 -0.2488488 
samples/LIDAR_TOP/n008-2018-08-01-15-16-36-0400__LIDAR_TOP__1533151604547893.pcd.bin samples/LIDAR_TOP/n008-2018-08-01-15-16-36-0400__LIDAR_TOP__1533151605548192.pcd.bin 0.99840546 -0.056446206 0.0005580572 0.16710351 0.056438122 0.99796957 -0.02952031 -8.372314 0.001109395 0.029504737 0.9995641 -0.74189377 
samples/LIDAR_TOP/n008-2018-08-01-15-16-36-0400__LIDAR_TOP__1533151605548192.pcd.bin samples/LIDAR_TOP/n008-2018-08-01-15-16-36-0400__LIDAR_TOP__1533151606549066.pcd.bin 0.99849975 -0.053602763 -0.011178352 0.14203528 0.053691905 0.9985269 0.007832691 -8.5995 0.010742028 -0.008421132 0.9999069 -0.7372509 
samples/LIDAR_TOP/n015-2018-07-24-11-22-45+0800__LIDAR_TOP__1532402931198511.pcd.bin samples/LIDAR_TOP/n015-2018-07-24-11-22-45+0800__LIDAR_TOP__1532402932197715.pcd.bin 0.99979913 0.018267635 -0.008248949 -0.109691456 -0.018234769 0.99982554 0.004044009 -6.846789 0.008321386 -0.003892776 0.99995774 -0.24561346 
samples/LIDAR_TOP/n015-2018-07-24-11-22-45+0800__LIDAR_TOP__1532402932197715.pcd.bin samples/LIDAR_TOP/n015-2018-07-24-11-22-45+0800__LIDAR_TOP__1532402933146604.pcd.bin 0.9994418 0.033294875 0.0027808452 -0.14016822 -0.03327776 0.9994282 -0.005982813 -6.043894 -0.0029784527 0.0058869207 0.9999783 -0.2449199 
samples/LIDAR_TOP/n008-2018-08-27-11-48-51-0400__LIDAR_TOP__1535385092150099.pcd.bin samples/LIDAR_TOP/n008-2018-08-27-11-48-51-0400__LIDAR_TOP__1535385093200183.pcd.bin 0.9999929 0.00089387107 0.0036658328 -0.040866155 -0.00091852475 0.99997693 0.0067290156 -8.304258 -0.0036597352 -0.0067323404 0.9999707 -0.3539927 
samples/LIDAR_TOP/n008-2018-08-28-16-43-51-0400__LIDAR_TOP__1535489296047917.pcd.bin samples/LIDAR_TOP/n008-2018-08-28-16-43-51-0400__LIDAR_TOP__1535489297047675.pcd.bin 1.0 1.5511625e-05 2.9012084e-05 0.00012228684 -1.5548416e-05 1.0 0.00012889436 0.0002965927 -2.9007118e-05 -0.00012889226 1.0 -0.0001128912 
samples/LIDAR_TOP/n008-2018-08-28-16-43-51-0400__LIDAR_TOP__1535489297047675.pcd.bin samples/LIDAR_TOP/n008-2018-08-28-16-43-51-0400__LIDAR_TOP__1535489298047428.pcd.bin 0.99999994 -0.00013035613 0.000250842 0.00036636693 0.00013035153 1.0 5.1032126e-05 -1.1742115e-05 -0.00025084818 -5.0998486e-05 1.0 -5.00679e-05 
samples/LIDAR_TOP/n008-2018-08-27-11-48-51-0400__LIDAR_TOP__1535385096900138.pcd.bin samples/LIDAR_TOP/n008-2018-08-27-11-48-51-0400__LIDAR_TOP__1535385097901019.pcd.bin 0.99992836 -0.0042607966 -0.011195194 -0.03664662 0.0041987444 0.99997574 -0.0055602407 -8.579644 0.011218609 0.0055128476 0.99992186 -0.44225526 
samples/LIDAR_TOP/n008-2018-08-27-11-48-51-0400__LIDAR_TOP__1535385097901019.pcd.bin samples/LIDAR_TOP/n008-2018-08-27-11-48-51-0400__LIDAR_TOP__1535385098900804.pcd.bin 0.99981946 -0.017945874 -0.0062425756 -0.04078295 0.017935308 0.99983764 -0.0017432902 -8.411042 0.006272846 0.0016310092 0.999979 -0.4494629 
samples/LIDAR_TOP/n015-2018-10-02-10-50-40+0800__LIDAR_TOP__1538448757548354.pcd.bin samples/LIDAR_TOP/n015-2018-10-02-10-50-40+0800__LIDAR_TOP__1538448758547578.pcd.bin 0.9999344 -0.0108101675 -0.0038093838 -0.010500433 0.010798841 0.9999373 -0.002990986 -11.627525 0.0038414807 0.0029496504 0.99998826 -0.19242227 
samples/LIDAR_TOP/n015-2018-10-02-10-50-40+0800__LIDAR_TOP__1538448758547578.pcd.bin samples/LIDAR_TOP/n015-2018-10-02-10-50-40+0800__LIDAR_TOP__1538448759546758.pcd.bin 0.9999088 -0.009991648 0.009094714 -0.016663702 0.0099509405 0.9999403 0.0045149038 -11.748844 -0.009139282 -0.0044239964 0.9999485 -0.1438694 
samples/LIDAR_TOP/n008-2018-08-30-15-16-55-0400__LIDAR_TOP__1535657126149278.pcd.bin samples/LIDAR_TOP/n008-2018-08-30-15-16-55-0400__LIDAR_TOP__1535657127150180.pcd.bin 0.99999994 -9.2601316e-05 7.411987e-05 -6.0957856e-05 9.26221e-05 0.99999994 6.0566115e-05 0.0001887083 -7.412182e-05 -6.0562106e-05 1.0 -5.1617622e-05 
samples/LIDAR_TOP/n008-2018-08-30-15-16-55-0400__LIDAR_TOP__1535657127150180.pcd.bin samples/LIDAR_TOP/n008-2018-08-30-15-16-55-0400__LIDAR_TOP__1535657128149910.pcd.bin 1.0 -2.9122486e-05 0.0002242484 0.00030564656 2.9112545e-05 0.99999994 0.00024500783 0.00047552586 -0.0002242608 -0.00024501557 1.0 -0.00022244453 
samples/LIDAR_TOP/n008-2018-08-30-15-16-55-0400__LIDAR_TOP__1535657111149672.pcd.bin samples/LIDAR_TOP/n008-2018-08-30-15-16-55-0400__LIDAR_TOP__1535657112148325.pcd.bin 0.99880815 -0.044248965 0.020601235 -0.017447155 0.044296883 0.99901664 -0.0018735551 -3.7642162 -0.02049807 0.002783889 0.999786 -0.26930976 
samples/LIDAR_TOP/n008-2018-08-30-15-16-55-0400__LIDAR_TOP__1535657112148325.pcd.bin samples/LIDAR_TOP/n008-2018-08-30-15-16-55-0400__LIDAR_TOP__1535657113148632.pcd.bin 0.9999316 -0.0061955806 -0.009919702 -0.047259755 0.0061904327 0.9999807 -0.0005440125 -3.2083871 0.009922878 0.0004825785 0.99995065 -0.2333467 
samples/LIDAR_TOP/n008-2018-08-27-11-48-51-0400__LIDAR_TOP__1535385094949783.pcd.bin samples/LIDAR_TOP/n008-2018-08-27-11-48-51-0400__LIDAR_TOP__1535385095949554.pcd.bin 0.99996024 0.007197195 -0.005280951 -0.13249063 -0.0071948003 0.999974 0.0004720832 -8.53735 0.0052842107 -0.0004340695 0.999986 -0.3802948 
samples/LIDAR_TOP/n008-2018-08-27-11-48-51-0400__LIDAR_TOP__1535385095949554.pcd.bin samples/LIDAR_TOP/n008-2018-08-27-11-48-51-0400__LIDAR_TOP__1535385096900138.pcd.bin 0.9999522 0.0067000724 0.0071165324 -0.081903 -0.006687377 0.999976 -0.0018068886 -7.9914813 -0.00712847 0.0017592072 0.9999731 -0.3690604 
samples/LIDAR_TOP/n008-2018-08-01-15-16-36-0400__LIDAR_TOP__1533151605047769.pcd.bin samples/LIDAR_TOP/n008-2018-08-01-15-16-36-0400__LIDAR_TOP__1533151606048630.pcd.bin 0.9986607 -0.051168423 0.0076523605 0.15240775 0.051336873 0.99839914 -0.023740424 -8.461867 -0.006425356 0.024101468 0.9996889 -0.83689284 
samples/LIDAR_TOP/n008-2018-08-01-15-16-36-0400__LIDAR_TOP__1533151606048630.pcd.bin samples/LIDAR_TOP/n008-2018-08-01-15-16-36-0400__LIDAR_TOP__1533151607048933.pcd.bin 0.998558 -0.04954208 -0.020678986 0.07230084 0.050134495 0.9983161 0.029179104 -8.754748 0.019198578 -0.030173752 0.9993603 -0.66430223 
samples/LIDAR_TOP/n008-2018-08-27-11-48-51-0400__LIDAR_TOP__1535385109400618.pcd.bin samples/LIDAR_TOP/n008-2018-08-27-11-48-51-0400__LIDAR_TOP__1535385110449087.pcd.bin 0.9999077 0.007944049 0.011021995 -0.08730689 -0.007842349 0.9999265 -0.009239694 -9.189783 -0.011094584 0.0091524 0.9998966 -0.5434098 
samples/LIDAR_TOP/n008-2018-08-27-11-48-51-0400__LIDAR_TOP__1535385110449087.pcd.bin samples/LIDAR_TOP/n008-2018-08-27-11-48-51-0400__LIDAR_TOP__1535385111448839.pcd.bin 0.9998615 0.011994358 -0.011542448 -0.060388636 -0.011811329 0.99980545 0.015796753 -8.807399 0.011729671 -0.015658231 0.9998086 -0.41145504 
samples/LIDAR_TOP/n015-2018-07-24-11-22-45+0800__LIDAR_TOP__1532402935697945.pcd.bin samples/LIDAR_TOP/n015-2018-07-24-11-22-45+0800__LIDAR_TOP__1532402936699359.pcd.bin 0.9817714 0.19005312 0.0021776257 -0.29063863 -0.19006237 0.9817569 0.0054486725 -4.568925 -0.0011023724 -0.005763236 0.9999827 -0.105750084 
samples/LIDAR_TOP/n015-2018-07-24-11-22-45+0800__LIDAR_TOP__1532402936699359.pcd.bin samples/LIDAR_TOP/n015-2018-07-24-11-22-45+0800__LIDAR_TOP__1532402937698000.pcd.bin 0.97809345 0.20775913 0.013014114 -0.24739638 -0.20784941 0.9781423 0.0060053845 -4.2157373 -0.011481981 -0.008578805 0.99989736 -0.09403658 
samples/LIDAR_TOP/n008-2018-08-27-11-48-51-0400__LIDAR_TOP__1535385097400558.pcd.bin samples/LIDAR_TOP/n008-2018-08-27-11-48-51-0400__LIDAR_TOP__1535385098400887.pcd.bin 0.9997702 -0.015265876 -0.015049637 -0.04630893 0.015204022 0.9998756 -0.0042157895 -8.497727 0.015112121 0.0039860103 0.99987787 -0.48816764 
samples/LIDAR_TOP/n008-2018-08-27-11-48-51-0400__LIDAR_TOP__1535385098400887.pcd.bin samples/LIDAR_TOP/n008-2018-08-27-11-48-51-0400__LIDAR_TOP__1535385099400097.pcd.bin 0.9998269 -0.017180141 -0.0071372963 -0.029938206 0.017208861 0.99984396 0.003982479 -8.126963 0.0070677632 -0.004104616 0.9999666 -0.4405949 
samples/LIDAR_TOP/n008-2018-08-01-15-16-36-0400__LIDAR_TOP__1533151617947237.pcd.bin samples/LIDAR_TOP/n008-2018-08-01-15-16-36-0400__LIDAR_TOP__1533151618946993.pcd.bin 0.9999712 -0.0061379974 0.0044660363 -0.047871616 0.006161145 0.9999675 -0.005183055 -6.6123915 -0.0044340813 0.005210415 0.99997663 -0.19948101 
samples/LIDAR_TOP/n008-2018-08-01-15-16-36-0400__LIDAR_TOP__1533151618946993.pcd.bin samples/LIDAR_TOP/n008-2018-08-01-15-16-36-0400__LIDAR_TOP__1533151619947313.pcd.bin 0.9999958 -0.0023096432 -0.0017419102 -0.0360504 0.002300175 0.9999826 -0.0054221675 -7.3184996 0.0017544052 0.0054181283 0.99998385 -0.26070988 
samples/LIDAR_TOP/n015-2018-10-02-10-50-40+0800__LIDAR_TOP__1538448747547529.pcd.bin samples/LIDAR_TOP/n015-2018-10-02-10-50-40+0800__LIDAR_TOP__1538448748547277.pcd.bin 0.9998664 0.005471825 0.015407499 -0.09931772 -0.005473783 0.9999851 8.4879204e-05 -12.218203 -0.015406805 -0.00016920213 0.99988127 -0.6714382 
samples/LIDAR_TOP/n015-2018-10-02-10-50-40+0800__LIDAR_TOP__1538448748547277.pcd.bin samples/LIDAR_TOP/n015-2018-10-02-10-50-40+0800__LIDAR_TOP__1538448749547584.pcd.bin 0.9998636 -3.3310833e-05 0.016512552 -0.077349715 -0.00020203719 0.9998983 0.014255301 -11.984478 -0.016511342 -0.014256695 0.99976206 -0.50013745 
samples/LIDAR_TOP/n008-2018-08-30-15-16-55-0400__LIDAR_TOP__1535657120649535.pcd.bin samples/LIDAR_TOP/n008-2018-08-30-15-16-55-0400__LIDAR_TOP__1535657121649287.pcd.bin 1.0 1.3315562e-05 8.6579435e-05 -0.0004881504 -1.33193225e-05 0.9999999 4.724672e-05 0.00013548136 -8.6577376e-05 -4.7254405e-05 1.0 -6.3061714e-05 
samples/LIDAR_TOP/n008-2018-08-30-15-16-55-0400__LIDAR_TOP__1535657121649287.pcd.bin samples/LIDAR_TOP/n008-2018-08-30-15-16-55-0400__LIDAR_TOP__1535657122649085.pcd.bin 1.0 6.3716194e-05 3.1984084e-05 -0.0003051171 -6.366142e-05 0.99999994 -1.0277778e-06 -1.5437603e-05 -3.198561e-05 1.0221755e-06 1.0 -1.7881393e-05 
samples/LIDAR_TOP/n008-2018-08-30-15-16-55-0400__LIDAR_TOP__1535657114148383.pcd.bin samples/LIDAR_TOP/n008-2018-08-30-15-16-55-0400__LIDAR_TOP__1535657115148131.pcd.bin 0.99979943 -0.014404622 -0.01391895 -0.04600939 0.014433788 0.99989384 0.0019942892 -2.035812 0.0138887465 -0.0021948041 0.9999012 -0.1570239 
samples/LIDAR_TOP/n008-2018-08-30-15-16-55-0400__LIDAR_TOP__1535657115148131.pcd.bin samples/LIDAR_TOP/n008-2018-08-30-15-16-55-0400__LIDAR_TOP__1535657116148450.pcd.bin 0.99962515 -0.025257645 -0.010574219 -0.042316765 0.025219746 0.9996751 -0.0037028324 -1.3114226 0.010664307 0.0034347626 0.99993724 -0.10193074 
samples/LIDAR_TOP/n008-2018-08-27-11-48-51-0400__LIDAR_TOP__1535385105950634.pcd.bin samples/LIDAR_TOP/n008-2018-08-27-11-48-51-0400__LIDAR_TOP__1535385106952072.pcd.bin 0.99983877 0.0008083901 -0.017937113 -0.066042915 -0.000868392 0.99999404 -0.0033376387 -8.547821 0.017934313 0.0033526723 0.9998336 -0.45425427 
samples/LIDAR_TOP/n008-2018-08-27-11-48-51-0400__LIDAR_TOP__1535385106952072.pcd.bin samples/LIDAR_TOP/n008-2018-08-27-11-48-51-0400__LIDAR_TOP__1535385107953148.pcd.bin 0.99997497 -0.0019211657 0.006823368 -0.039864507 0.0018983309 0.99999255 0.0033517939 -8.332111 -0.006829759 -0.0033387616 0.9999711 -0.42017353 
samples/LIDAR_TOP/n008-2018-08-01-15-16-36-0400__LIDAR_TOP__1533151611446636.pcd.bin samples/LIDAR_TOP/n008-2018-08-01-15-16-36-0400__LIDAR_TOP__1533151612397179.pcd.bin 0.9999963 -0.0026774001 0.0005066924 -0.021837253 0.0026754164 0.9999889 0.0038978425 -1.5820053 -0.0005171224 -0.0038964641 0.9999923 -0.076004505 
samples/LIDAR_TOP/n008-2018-08-01-15-16-36-0400__LIDAR_TOP__1533151612397179.pcd.bin samples/LIDAR_TOP/n008-2018-08-01-15-16-36-0400__LIDAR_TOP__1533151613398020.pcd.bin 0.9999966 0.00038339267 -0.0025629771 -0.032149523 -0.0003752207 0.99999464 0.0032120387 -1.9630978 0.0025641923 -0.0032110726 0.9999916 -0.08649659 
samples/LIDAR_TOP/n008-2018-08-01-15-16-36-0400__LIDAR_TOP__1533151609047890.pcd.bin samples/LIDAR_TOP/n008-2018-08-01-15-16-36-0400__LIDAR_TOP__1533151609947025.pcd.bin 0.9999875 -0.0041989717 0.0027118223 -0.039334282 0.0041791443 0.99996495 0.007252891 -5.342895 -0.0027421867 -0.007241476 0.99997 -0.32900286 
samples/LIDAR_TOP/n008-2018-08-01-15-16-36-0400__LIDAR_TOP__1533151609947025.pcd.bin samples/LIDAR_TOP/n008-2018-08-01-15-16-36-0400__LIDAR_TOP__1533151610946785.pcd.bin 0.9999927 0.0010655333 -0.003664832 -0.034406316 -0.0010477332 0.9999877 0.004832962 -3.429264 0.003669937 -0.004829081 0.9999816 -0.19481075 
samples/LIDAR_TOP/n008-2018-08-30-15-16-55-0400__LIDAR_TOP__1535657126649732.pcd.bin samples/LIDAR_TOP/n008-2018-08-30-15-16-55-0400__LIDAR_TOP__1535657127650049.pcd.bin 1.0000001 -3.655612e-05 4.230379e-05 2.970919e-07 3.6618443e-05 0.9999999 0.00016826297 0.00036883354 -4.2302363e-05 -0.00016826378 1.0 -0.0001500845 
samples/LIDAR_TOP/n008-2018-08-28-16-43-51-0400__LIDAR_TOP__1535489308896501.pcd.bin samples/LIDAR_TOP/n008-2018-08-28-16-43-51-0400__LIDAR_TOP__1535489309896252.pcd.bin 1.0 2.2855465e-05 3.9605247e-06 7.227063e-07 -2.2865228e-05 0.9999999 0.00037078612 0.0006733537 -3.9540637e-06 -0.00037079162 0.99999994 -0.00033450127 
samples/LIDAR_TOP/n008-2018-08-28-16-43-51-0400__LIDAR_TOP__1535489309896252.pcd.bin samples/LIDAR_TOP/n008-2018-08-28-16-43-51-0400__LIDAR_TOP__1535489310946883.pcd.bin 0.9999999 5.852524e-05 -4.709216e-05 -0.000121575315 -5.8482918e-05 0.99999994 0.00024705817 0.00042378902 4.7105517e-05 -0.00024705828 1.0 -0.00022423267 
samples/LIDAR_TOP/n008-2018-08-30-15-16-55-0400__LIDAR_TOP__1535657108301401.pcd.bin samples/LIDAR_TOP/n008-2018-08-30-15-16-55-0400__LIDAR_TOP__1535657109301132.pcd.bin 0.9986508 -0.05132585 0.007887876 0.054590907 0.051373966 0.9986613 -0.006026848 -5.1161146 -0.007567984 0.0064239497 0.9999507 -0.33660865 
samples/LIDAR_TOP/n008-2018-08-30-15-16-55-0400__LIDAR_TOP__1535657109301132.pcd.bin samples/LIDAR_TOP/n008-2018-08-30-15-16-55-0400__LIDAR_TOP__1535657110200261.pcd.bin 0.9998187 -0.012375743 -0.01446863 -0.07532293 0.012371666 0.9999234 -0.0003711725 -4.5273604 0.014472117 0.00019209749 0.99989533 -0.30408585 
samples/LIDAR_TOP/n008-2018-08-01-15-16-36-0400__LIDAR_TOP__1533151603547590.pcd.bin samples/LIDAR_TOP/n008-2018-08-01-15-16-36-0400__LIDAR_TOP__1533151604547893.pcd.bin 0.998935 -0.04509766 -0.009759403 0.11156938 0.045112003 0.99898106 0.0012585444 -8.470162 0.009692702 -0.0016974721 0.9999516 -0.5261177 
samples/LIDAR_TOP/n008-2018-08-01-15-16-36-0400__LIDAR_TOP__1533151604547893.pcd.bin samples/LIDAR_TOP/n008-2018-08-01-15-16-36-0400__LIDAR_TOP__1533151605548192.pcd.bin 0.99840546 -0.056446206 0.0005580572 0.16710351 0.056438122 0.99796957 -0.02952031 -8.372314 0.001109395 0.029504737 0.9995641 -0.74189377 
samples/LIDAR_TOP/n015-2018-07-24-11-22-45+0800__LIDAR_TOP__1532402942697870.pcd.bin samples/LIDAR_TOP/n015-2018-07-24-11-22-45+0800__LIDAR_TOP__1532402943697655.pcd.bin 0.99998885 0.003354543 -0.0033008615 -0.01869695 -0.0033963362 0.999913 -0.012749279 -2.3660383 0.0032578094 0.012760352 0.9999132 -0.08364129 
samples/LIDAR_TOP/n015-2018-07-24-11-22-45+0800__LIDAR_TOP__1532402943697655.pcd.bin samples/LIDAR_TOP/n015-2018-07-24-11-22-45+0800__LIDAR_TOP__1532402944697931.pcd.bin 0.99994445 0.010172551 0.0027612732 -0.016659083 -0.010176939 0.99994695 0.0015787488 -2.2908065 -0.002745066 -0.0016067591 0.99999493 -0.091009855 
samples/LIDAR_TOP/n015-2018-10-02-10-50-40+0800__LIDAR_TOP__1538448753048377.pcd.bin samples/LIDAR_TOP/n015-2018-10-02-10-50-40+0800__LIDAR_TOP__1538448754047572.pcd.bin 0.99995804 -0.008920516 -0.0021290653 -0.058222182 0.008945089 0.9998905 0.0117948195 -11.999428 0.0020236177 -0.011813368 0.9999282 -0.4366082 
samples/LIDAR_TOP/n015-2018-10-02-10-50-40+0800__LIDAR_TOP__1538448754047572.pcd.bin samples/LIDAR_TOP/n015-2018-10-02-10-50-40+0800__LIDAR_TOP__1538448755047865.pcd.bin 0.99980503 -0.0018718577 0.019653996 -0.03875284 0.0015755479 0.9998851 0.015078788 -11.990849 -0.019679958 -0.015044883 0.99969304 -0.25579405 
samples/LIDAR_TOP/n008-2018-08-30-15-16-55-0400__LIDAR_TOP__1535657125148970.pcd.bin samples/LIDAR_TOP/n008-2018-08-30-15-16-55-0400__LIDAR_TOP__1535657126149278.pcd.bin 1.0 4.6113105e-06 1.1607667e-06 -0.00012209639 -4.5738543e-06 1.0 -2.9722767e-05 -7.0512295e-05 -1.1533442e-06 2.9709488e-05 1.0 1.8239021e-05 
samples/LIDAR_TOP/n008-2018-08-30-15-16-55-0400__LIDAR_TOP__1535657126149278.pcd.bin samples/LIDAR_TOP/n008-2018-08-30-15-16-55-0400__LIDAR_TOP__1535657127150180.pcd.bin 0.99999994 -9.2601316e-05 7.411987e-05 -6.0957856e-05 9.26221e-05 0.99999994 6.0566115e-05 0.0001887083 -7.412182e-05 -6.0562106e-05 1.0 -5.1617622e-05 
samples/LIDAR_TOP/n015-2018-10-02-10-50-40+0800__LIDAR_TOP__1538448749547584.pcd.bin samples/LIDAR_TOP/n015-2018-10-02-10-50-40+0800__LIDAR_TOP__1538448750547877.pcd.bin 0.9970825 -0.0042015165 -0.07621642 -0.17522976 0.0039127492 0.9999846 -0.0039383676 -11.837208 0.07623179 0.0036286633 0.9970835 -0.5326487 
samples/LIDAR_TOP/n015-2018-10-02-10-50-40+0800__LIDAR_TOP__1538448750547877.pcd.bin samples/LIDAR_TOP/n015-2018-10-02-10-50-40+0800__LIDAR_TOP__1538448751548178.pcd.bin 0.99889874 -0.00441361 0.0467099 -0.057411842 0.0047887075 0.9999571 -0.007922404 -11.89819 -0.046672933 0.008137351 0.9988771 -0.6209835 
samples/LIDAR_TOP/n008-2018-08-30-15-16-55-0400__LIDAR_TOP__1535657127150180.pcd.bin samples/LIDAR_TOP/n008-2018-08-30-15-16-55-0400__LIDAR_TOP__1535657128149910.pcd.bin 1.0 -2.9122486e-05 0.0002242484 0.00030564656 2.9112545e-05 0.99999994 0.00024500783 0.00047552586 -0.0002242608 -0.00024501557 1.0 -0.00022244453 
samples/LIDAR_TOP/n015-2018-10-02-10-50-40+0800__LIDAR_TOP__1538448756050426.pcd.bin samples/LIDAR_TOP/n015-2018-10-02-10-50-40+0800__LIDAR_TOP__1538448757048500.pcd.bin 0.99965787 -0.0009241697 -0.026141688 -0.054915108 0.0010161821 0.9999934 0.003508975 -11.796085 0.02613826 -0.0035343342 0.999652 -0.21676505 
samples/LIDAR_TOP/n015-2018-10-02-10-50-40+0800__LIDAR_TOP__1538448757048500.pcd.bin samples/LIDAR_TOP/n015-2018-10-02-10-50-40+0800__LIDAR_TOP__1538448758048230.pcd.bin 0.9998164 -0.010583058 0.015975405 0.009599779 0.01058483 0.99994403 -2.4930658e-05 -11.630505 -0.015974237 0.00019401997 0.99987245 -0.20725775 
samples/LIDAR_TOP/n008-2018-08-27-11-48-51-0400__LIDAR_TOP__1535385100398781.pcd.bin samples/LIDAR_TOP/n008-2018-08-27-11-48-51-0400__LIDAR_TOP__1535385101398009.pcd.bin 0.9999914 0.0021857342 -0.003538128 -0.08072361 -0.002177555 0.999995 0.002314269 -8.631683 0.0035431678 -0.0023065493 0.9999911 -0.41148078 
